0 0.04971590909090909 0.521875 0.05965909090909091 0.13125
0 0.109375 0.528125 0.05965909090909091 0.13125
0 0.8714488636363636 0.49375 0.05539772727272727 0.13125
0 0.9275568181818182 0.4953125 0.056818181818181816 0.128125
0 0.9772727272727273 0.496875 0.04261363636363636 0.13125
0 0.9573863636363636 0.6046875 0.05965909090909091 0.128125
1 0.39701704545454547 0.8859375 0.061079545454545456 0.134375
1 0.29829545454545453 0.8921875 0.05965909090909091 0.128125
1 0.20454545454545456 0.884375 0.05965909090909091 0.13125
1 0.07670454545454546 0.884375 0.05965909090909091 0.13125
1 0.8345170454545454 0.846875 0.05823863636363636 0.13125
1 0.07244318181818182 0.14375 0.056818181818181816 0.125
1 0.18323863636363635 0.13125 0.05965909090909091 0.125
1 0.3465909090909091 0.1515625 0.05965909090909091 0.128125
1 0.4296875 0.140625 0.05823863636363636 0.125
1 0.6278409090909091 0.1109375 0.05965909090909091 0.128125
1 0.7272727272727273 0.1 0.05965909090909091 0.125
1 0.7997159090909091 0.15 0.056818181818181816 0.125
1 0.8863636363636364 0.0984375 0.056818181818181816 0.121875
1 0.9701704545454546 0.103125 0.05397727272727273 0.11875
