1 0.09659090909090909 0.1125 0.05965909090909091 0.125
1 0.15980113636363635 0.1375 0.05823863636363636 0.125
1 0.23508522727272727 0.121875 0.05823863636363636 0.125
1 0.7883522727272727 0.1 0.056818181818181816 0.125
1 0.8586647727272727 0.1078125 0.05823863636363636 0.128125
1 0.9282670454545454 0.0953125 0.05823863636363636 0.121875
1 0.9786931818181818 0.8796875 0.03977272727272727 0.134375
1 0.8757102272727273 0.871875 0.06392045454545454 0.13125
1 0.765625 0.88125 0.05965909090909091 0.13125
1 0.671875 0.8546875 0.0625 0.134375
1 0.06747159090909091 0.90625 0.061079545454545456 0.13125
1 0.2684659090909091 0.9140625 0.0625 0.134375
1 0.34375 0.9140625 0.05965909090909091 0.134375
0 0.14985795454545456 0.5546875 0.061079545454545456 0.128125
0 0.044744318181818184 0.4578125 0.061079545454545456 0.128125
0 0.040482954545454544 0.5828125 0.06392045454545454 0.128125
0 0.037642045454545456 0.7125 0.061079545454545456 0.13125
0 0.9822443181818182 0.390625 0.032670454545454544 0.13125
0 0.984375 0.64375 0.028409090909090908 0.13125
