3 0.37144886363636365 0.115625 0.03835227272727273 0.0875
2 0.2471590909090909 0.1078125 0.0625 0.128125
1 0.8579545454545454 0.0890625 0.0625 0.128125
1 0.15056818181818182 0.128125 0.0625 0.125
1 0.06463068181818182 0.1109375 0.061079545454545456 0.134375
1 0.34232954545454547 0.9046875 0.0625 0.134375
1 0.2734375 0.85625 0.061079545454545456 0.13125
1 0.21306818181818182 0.909375 0.05965909090909091 0.125
3 0.1640625 0.896875 0.03835227272727273 0.0875
0 0.9872159090909091 0.3765625 0.022727272727272728 0.128125
0 0.9893465909090909 0.5046875 0.018465909090909092 0.121875
0 0.9879261363636364 0.6359375 0.02130681818181818 0.128125
0 0.9588068181818182 0.4390625 0.05965909090909091 0.128125
0 0.9580965909090909 0.56875 0.05539772727272727 0.11875
0 0.05184659090909091 0.5046875 0.05539772727272727 0.128125
0 0.10724431818181818 0.49375 0.05823863636363636 0.13125
0 0.1640625 0.4890625 0.061079545454545456 0.128125
0 0.08096590909090909 0.6078125 0.056818181818181816 0.128125
0 0.1377840909090909 0.60625 0.056818181818181816 0.125
2 0.6768465909090909 0.8734375 0.061079545454545456 0.134375
1 0.8607954545454546 0.8875 0.0625 0.13125
1 0.9261363636363636 0.884375 0.0625 0.1375
1 0.7784090909090909 0.13125 0.06818181818181818 0.13125
2 0.9865056818181818 0.078125 0.024147727272727272 0.13125
1 0.9303977272727273 0.096875 0.0625 0.13125
