0 0.05042613636363636 0.521875 0.05823863636363636 0.13125
0 0.8828125 0.4578125 0.05823863636363636 0.134375
0 0.9382102272727273 0.4625 0.052556818181818184 0.125
0 0.9822443181818182 0.4703125 0.032670454545454544 0.128125
1 0.29048295454545453 0.1203125 0.05823863636363636 0.128125
1 0.17400568181818182 0.1140625 0.05823863636363636 0.121875
1 0.10866477272727272 0.1171875 0.05823863636363636 0.121875
1 0.04403409090909091 0.115625 0.05965909090909091 0.125
1 0.6605113636363636 0.1046875 0.056818181818181816 0.128125
1 0.7954545454545454 0.1125 0.05965909090909091 0.125
1 0.8529829545454546 0.1078125 0.05823863636363636 0.128125
1 0.9133522727272727 0.1140625 0.056818181818181816 0.121875
1 0.9708806818181818 0.1 0.05539772727272727 0.125
1 0.7776988636363636 0.86875 0.05823863636363636 0.13125
1 0.8359375 0.86875 0.05823863636363636 0.1375
1 0.8934659090909091 0.8671875 0.056818181818181816 0.134375
1 0.2990056818181818 0.896875 0.06392045454545454 0.13125
1 0.19957386363636365 0.90625 0.061079545454545456 0.13125
1 0.13920454545454544 0.9078125 0.05965909090909091 0.134375
1 0.07315340909090909 0.88125 0.06392045454545454 0.1375
