1 0.15056818181818182 0.128125 0.0625 0.125
1 0.7954545454545454 0.88125 0.05965909090909091 0.1375
1 0.2627840909090909 0.8953125 0.0625 0.134375
1 0.171875 0.896875 0.0625 0.1375
1 0.10724431818181818 0.909375 0.061079545454545456 0.13125
1 0.3444602272727273 0.896875 0.061079545454545456 0.13125
1 0.7315340909090909 0.8859375 0.0625 0.134375
1 0.6605113636363636 0.890625 0.06534090909090909 0.125
1 0.04261363636363636 0.89375 0.05965909090909091 0.1375
1 0.30113636363636365 0.14375 0.0625 0.11875
1 0.036931818181818184 0.14375 0.0625 0.125
1 0.8678977272727273 0.8890625 0.05965909090909091 0.134375
1 0.9410511363636364 0.86875 0.061079545454545456 0.13125
2 0.39204545454545453 0.128125 0.0625 0.13125
2 0.9850852272727273 0.0984375 0.026988636363636364 0.140625
3 0.47301136363636365 0.14375 0.036931818181818184 0.08125
3 0.4090909090909091 0.8765625 0.036931818181818184 0.090625
1 0.6903409090909091 0.0890625 0.06534090909090909 0.140625
1 0.7720170454545454 0.146875 0.06392045454545454 0.13125
1 0.8515625 0.1109375 0.06392045454545454 0.134375
1 0.9240056818181818 0.1015625 0.061079545454545456 0.121875
1 0.09446022727272728 0.121875 0.05823863636363636 0.125
1 0.2159090909090909 0.1296875 0.0625 0.115625
2 0.9921875 0.8421875 0.01278409090909091 0.115625
0 0.9822443181818182 0.4703125 0.032670454545454544 0.134375
