1 0.7954545454545454 0.88125 0.05965909090909091 0.1375
1 0.2627840909090909 0.8953125 0.0625 0.134375
1 0.171875 0.896875 0.0625 0.1375
1 0.10724431818181818 0.909375 0.061079545454545456 0.13125
1 0.3444602272727273 0.896875 0.061079545454545456 0.13125
1 0.7315340909090909 0.8859375 0.0625 0.134375
1 0.6605113636363636 0.890625 0.06534090909090909 0.125
1 0.04261363636363636 0.89375 0.05965909090909091 0.1375
1 0.30113636363636365 0.14375 0.0625 0.11875
1 0.8678977272727273 0.8890625 0.05965909090909091 0.134375
1 0.9410511363636364 0.86875 0.061079545454545456 0.13125
2 0.39204545454545453 0.128125 0.0625 0.13125
1 0.7720170454545454 0.146875 0.06392045454545454 0.13125
1 0.8515625 0.1109375 0.06392045454545454 0.134375
0 0.045454545454545456 0.503125 0.05965909090909091 0.13125
3 0.6029829545454546 0.1375 0.03551136363636364 0.0875
3 0.5838068181818182 0.809375 0.03977272727272727 0.0875
2 0.9794034090909091 0.09375 0.03835227272727273 0.1375
2 0.9865056818181818 0.8796875 0.024147727272727272 0.134375
0 0.9808238636363636 0.4671875 0.03551136363636364 0.134375
1 0.9247159090909091 0.0984375 0.05965909090909091 0.128125
1 0.6917613636363636 0.0921875 0.05965909090909091 0.128125
1 0.21732954545454544 0.121875 0.05965909090909091 0.13125
1 0.14985795454545456 0.121875 0.061079545454545456 0.125
1 0.09375 0.1203125 0.056818181818181816 0.128125
