1 0.6598011363636364 0.10625 0.05823863636363636 0.125
1 0.7961647727272727 0.1140625 0.05823863636363636 0.128125
1 0.8536931818181818 0.10625 0.05397727272727273 0.125
0 0.9815340909090909 0.4703125 0.03409090909090909 0.121875
1 0.1747159090909091 0.115625 0.05965909090909091 0.125
1 0.10866477272727272 0.115625 0.05823863636363636 0.125
1 0.05184659090909091 0.1109375 0.05539772727272727 0.121875
1 0.06818181818181818 0.9109375 0.05965909090909091 0.134375
1 0.19957386363636365 0.90625 0.05823863636363636 0.13125
1 0.26988636363636365 0.9078125 0.05965909090909091 0.134375
1 0.6747159090909091 0.88125 0.05965909090909091 0.1375
1 0.7528409090909091 0.890625 0.05965909090909091 0.13125
1 0.8295454545454546 0.8671875 0.056818181818181816 0.128125
1 0.8934659090909091 0.8734375 0.056818181818181816 0.128125
1 0.9488636363636364 0.8671875 0.05397727272727273 0.128125
1 0.9879261363636364 0.8609375 0.02130681818181818 0.134375
1 0.9580965909090909 0.10625 0.05539772727272727 0.125
0 0.15980113636363635 0.525 0.05823863636363636 0.125
0 0.1015625 0.5265625 0.05823863636363636 0.128125
0 0.04332386363636364 0.53125 0.05823863636363636 0.125
