0 0.12571022727272727 0.5875 0.05823863636363636 0.125
0 0.07741477272727272 0.65625 0.05823863636363636 0.13125
0 0.02911931818181818 0.46875 0.05539772727272727 0.125
0 0.029829545454545456 0.596875 0.056818181818181816 0.125
0 0.030539772727272728 0.721875 0.05823863636363636 0.13125
0 0.9588068181818182 0.3390625 0.05965909090909091 0.128125
0 0.9900568181818182 0.5296875 0.017045454545454544 0.121875
0 0.9893465909090909 0.65625 0.018465909090909092 0.1125
0 0.9609375 0.4703125 0.05823863636363636 0.128125
0 0.9588068181818182 0.5953125 0.05965909090909091 0.128125
3 0.37144886363636365 0.115625 0.03835227272727273 0.0875
2 0.9857954545454546 0.0828125 0.02556818181818182 0.146875
2 0.7592329545454546 0.8828125 0.061079545454545456 0.134375
2 0.2471590909090909 0.1078125 0.0625 0.128125
1 0.15056818181818182 0.128125 0.0625 0.125
1 0.06463068181818182 0.1109375 0.061079545454545456 0.134375
1 0.8984375 0.875 0.05823863636363636 0.1375
1 0.8345170454545454 0.8875 0.061079545454545456 0.13125
1 0.34232954545454547 0.9046875 0.0625 0.134375
1 0.2734375 0.85625 0.061079545454545456 0.13125
1 0.21306818181818182 0.909375 0.05965909090909091 0.125
3 0.1640625 0.896875 0.03835227272727273 0.0875
0 0.9886363636363636 0.4015625 0.019886363636363636 0.121875
1 0.8579545454545454 0.090625 0.0625 0.13125
1 0.9318181818181818 0.096875 0.0625 0.13125
