0 0.1747159090909091 0.51875 0.05965909090909091 0.13125
0 0.12642045454545456 0.5890625 0.05965909090909091 0.128125
0 0.07670454545454546 0.403125 0.05965909090909091 0.125
0 0.029829545454545456 0.3421875 0.056818181818181816 0.121875
0 0.07599431818181818 0.5265625 0.05823863636363636 0.128125
0 0.028409090909090908 0.465625 0.056818181818181816 0.125
0 0.07883522727272728 0.6578125 0.061079545454545456 0.128125
0 0.030539772727272728 0.5953125 0.05823863636363636 0.128125
0 0.030539772727272728 0.721875 0.05823863636363636 0.13125
0 0.8629261363636364 0.459375 0.061079545454545456 0.13125
0 0.9126420454545454 0.4015625 0.061079545454545456 0.134375
0 0.9602272727272727 0.3375 0.05965909090909091 0.13125
0 0.9112215909090909 0.53125 0.061079545454545456 0.13125
0 0.9609375 0.4671875 0.05823863636363636 0.128125
0 0.9588068181818182 0.5953125 0.05965909090909091 0.128125
0 0.9872159090909091 0.4046875 0.022727272727272728 0.121875
0 0.9879261363636364 0.5265625 0.02130681818181818 0.121875
0 0.9886363636363636 0.65 0.017045454545454544 0.13125
3 0.3117897727272727 0.109375 0.03835227272727273 0.08125
3 0.6328125 0.8484375 0.03835227272727273 0.090625
2 0.2521306818181818 0.1140625 0.061079545454545456 0.128125
2 0.7954545454545454 0.10625 0.0625 0.125
2 0.6946022727272727 0.8515625 0.05965909090909091 0.134375
1 0.16477272727272727 0.109375 0.05965909090909091 0.13125
0 0.9886363636363636 0.2765625 0.019886363636363636 0.128125
