1 0.8579545454545454 0.0890625 0.0625 0.128125
1 0.15056818181818182 0.128125 0.0625 0.125
1 0.06463068181818182 0.1109375 0.061079545454545456 0.134375
1 0.9261363636363636 0.884375 0.0625 0.1375
1 0.7784090909090909 0.13125 0.06818181818181818 0.13125
1 0.7038352272727273 0.10625 0.061079545454545456 0.13125
1 0.7954545454545454 0.88125 0.05965909090909091 0.1375
1 0.9794034090909091 0.8890625 0.03835227272727273 0.140625
1 0.2627840909090909 0.8953125 0.0625 0.134375
1 0.171875 0.896875 0.0625 0.1375
1 0.10724431818181818 0.909375 0.061079545454545456 0.13125
0 0.9829545454545454 0.4703125 0.03125 0.134375
1 0.3444602272727273 0.896875 0.061079545454545456 0.13125
1 0.2315340909090909 0.125 0.05965909090909091 0.13125
2 0.3366477272727273 0.1140625 0.05965909090909091 0.128125
2 0.6107954545454546 0.1296875 0.0625 0.128125
2 0.8629261363636364 0.8703125 0.061079545454545456 0.134375
0 0.05823863636363636 0.534375 0.05965909090909091 0.13125
0 0.11789772727272728 0.525 0.056818181818181816 0.1375
3 0.4268465909090909 0.140625 0.03551136363636364 0.0875
3 0.4325284090909091 0.8484375 0.03835227272727273 0.078125
1 0.7315340909090909 0.8859375 0.0625 0.134375
1 0.6605113636363636 0.890625 0.06534090909090909 0.125
1 0.04261363636363636 0.89375 0.05965909090909091 0.1375
1 0.9382102272727273 0.1015625 0.061079545454545456 0.128125
