0 0.04971590909090909 0.521875 0.05965909090909091 0.13125
1 0.12215909090909091 0.125 0.056818181818181816 0.13125
1 0.1796875 0.1265625 0.05539772727272727 0.134375
1 0.23792613636363635 0.115625 0.05823863636363636 0.11875
1 0.31676136363636365 0.109375 0.05965909090909091 0.125
1 0.07315340909090909 0.875 0.061079545454545456 0.1375
1 0.14133522727272727 0.9078125 0.061079545454545456 0.134375
1 0.7791193181818182 0.8703125 0.061079545454545456 0.128125
1 0.8380681818181818 0.8671875 0.05397727272727273 0.128125
1 0.8941761363636364 0.8640625 0.05823863636363636 0.134375
1 0.6598011363636364 0.10625 0.05823863636363636 0.125
1 0.7961647727272727 0.1140625 0.05823863636363636 0.128125
1 0.8536931818181818 0.10625 0.05397727272727273 0.125
1 0.9140625 0.1140625 0.05539772727272727 0.128125
1 0.9715909090909091 0.103125 0.05397727272727273 0.11875
0 0.10724431818181818 0.515625 0.05823863636363636 0.13125
0 0.16548295454545456 0.5109375 0.05823863636363636 0.128125
0 0.8799715909090909 0.4765625 0.05539772727272727 0.128125
0 0.9360795454545454 0.4828125 0.05397727272727273 0.121875
0 0.9815340909090909 0.4703125 0.03409090909090909 0.121875
