1 0.15980113636363635 0.1375 0.05823863636363636 0.125
1 0.23508522727272727 0.121875 0.05823863636363636 0.125
1 0.9282670454545454 0.0953125 0.05823863636363636 0.121875
1 0.8757102272727273 0.871875 0.06392045454545454 0.13125
1 0.765625 0.88125 0.05965909090909091 0.13125
1 0.671875 0.8546875 0.0625 0.134375
1 0.2684659090909091 0.9140625 0.0625 0.134375
1 0.34375 0.9140625 0.05965909090909091 0.134375
0 0.1924715909090909 0.51875 0.05823863636363636 0.125
0 0.037642045454545456 0.721875 0.06392045454545454 0.125
0 0.041193181818181816 0.3375 0.05965909090909091 0.13125
0 0.8877840909090909 0.5125 0.0625 0.13125
1 0.06392045454545454 0.93125 0.0625 0.13125
1 0.14417613636363635 0.93125 0.061079545454545456 0.13125
1 0.7890625 0.103125 0.061079545454545456 0.11875
1 0.859375 0.1078125 0.05965909090909091 0.128125
1 0.09872159090909091 0.1125 0.05823863636363636 0.13125
1 0.9801136363636364 0.88125 0.036931818181818184 0.13125
