0 0.8487215909090909 0.4875 0.06392045454545454 0.13125
0 0.19957386363636365 0.471875 0.06392045454545454 0.13125
1 0.23650568181818182 0.1234375 0.061079545454545456 0.128125
1 0.15838068181818182 0.1390625 0.06392045454545454 0.128125
1 0.06321022727272728 0.11875 0.05823863636363636 0.125
1 0.6605113636363636 0.10625 0.06534090909090909 0.125
1 0.8529829545454546 0.109375 0.061079545454545456 0.125
1 0.9382102272727273 0.1078125 0.05823863636363636 0.121875
1 0.06747159090909091 0.9078125 0.06392045454545454 0.134375
1 0.2663352272727273 0.9078125 0.06960227272727272 0.134375
1 0.3444602272727273 0.9109375 0.06392045454545454 0.140625
1 0.671875 0.8515625 0.0625 0.128125
1 0.7649147727272727 0.88125 0.061079545454545456 0.13125
1 0.8778409090909091 0.884375 0.05965909090909091 0.125
1 0.9339488636363636 0.8625 0.05539772727272727 0.13125
1 0.9801136363636364 0.8734375 0.036931818181818184 0.128125
