0 0.8508522727272727 0.4484375 0.0625 0.128125
0 0.9801136363636364 0.2515625 0.03409090909090909 0.121875
0 0.9808238636363636 0.375 0.03551136363636364 0.13125
0 0.19460227272727273 0.5234375 0.05965909090909091 0.128125
0 0.1434659090909091 0.5859375 0.05965909090909091 0.128125
0 0.09517045454545454 0.65625 0.05965909090909091 0.125
1 0.671875 0.85 0.0625 0.13125
1 0.7649147727272727 0.884375 0.061079545454545456 0.1375
1 0.8792613636363636 0.8703125 0.05965909090909091 0.134375
1 0.9673295454545454 0.8875 0.05965909090909091 0.125
1 0.8899147727272727 0.0984375 0.05539772727272727 0.121875
1 0.8394886363636364 0.109375 0.05397727272727273 0.11875
1 0.7848011363636364 0.103125 0.05823863636363636 0.125
1 0.3430397727272727 0.9125 0.061079545454545456 0.13125
1 0.2684659090909091 0.909375 0.05965909090909091 0.1375
1 0.1434659090909091 0.9328125 0.0625 0.128125
1 0.05113636363636364 0.9296875 0.05965909090909091 0.134375
1 0.23508522727272727 0.1203125 0.05823863636363636 0.121875
1 0.1455965909090909 0.1328125 0.05823863636363636 0.121875
1 0.08664772727272728 0.109375 0.056818181818181816 0.125
