1 0.16264204545454544 0.109375 0.061079545454545456 0.125
1 0.24005681818181818 0.896875 0.05965909090909091 0.1375
2 0.7535511363636364 0.1203125 0.061079545454545456 0.128125
0 0.12571022727272727 0.5875 0.05823863636363636 0.125
0 0.07670454545454546 0.4015625 0.05965909090909091 0.128125
0 0.07599431818181818 0.528125 0.061079545454545456 0.13125
0 0.07741477272727272 0.65625 0.05823863636363636 0.13125
0 0.029829545454545456 0.3421875 0.056818181818181816 0.128125
0 0.02911931818181818 0.46875 0.05539772727272727 0.125
0 0.029829545454545456 0.596875 0.056818181818181816 0.125
0 0.030539772727272728 0.721875 0.05823863636363636 0.13125
0 0.9588068181818182 0.3390625 0.05965909090909091 0.128125
0 0.9900568181818182 0.5296875 0.017045454545454544 0.121875
0 0.9893465909090909 0.65625 0.018465909090909092 0.1125
0 0.9609375 0.4703125 0.05823863636363636 0.128125
0 0.9588068181818182 0.5953125 0.05965909090909091 0.128125
0 0.9119318181818182 0.403125 0.05965909090909091 0.13125
0 0.9105113636363636 0.5296875 0.05965909090909091 0.128125
1 0.8934659090909091 0.8890625 0.0625 0.134375
2 0.8011363636363636 0.89375 0.0625 0.1375
2 0.2755681818181818 0.1125 0.0625 0.13125
3 0.3515625 0.1234375 0.041193181818181816 0.078125
3 0.5852272727272727 0.884375 0.04261363636363636 0.09375
0 0.9872159090909091 0.4015625 0.019886363636363636 0.121875
1 0.9303977272727273 0.0984375 0.0625 0.134375
