0 0.19886363636363635 0.4734375 0.05965909090909091 0.128125
0 0.15482954545454544 0.5546875 0.056818181818181816 0.128125
0 0.04261363636363636 0.6640625 0.0625 0.134375
0 0.8401988636363636 0.48125 0.061079545454545456 0.125
0 0.8778409090909091 0.3921875 0.05965909090909091 0.128125
1 0.6619318181818182 0.1078125 0.056818181818181816 0.121875
1 0.796875 0.1171875 0.056818181818181816 0.134375
1 0.8544034090909091 0.109375 0.05823863636363636 0.11875
1 0.9367897727272727 0.1109375 0.05823863636363636 0.128125
1 0.6747159090909091 0.8796875 0.05965909090909091 0.134375
1 0.7535511363636364 0.890625 0.05823863636363636 0.13125
1 0.8288352272727273 0.86875 0.061079545454545456 0.13125
1 0.8920454545454546 0.8734375 0.056818181818181816 0.134375
1 0.9474431818181818 0.86875 0.05397727272727273 0.125
1 0.9872159090909091 0.8640625 0.022727272727272728 0.128125
1 0.14914772727272727 0.15625 0.05965909090909091 0.11875
1 0.3359375 0.9046875 0.05823863636363636 0.134375
1 0.26988636363636365 0.90625 0.05965909090909091 0.13125
1 0.19886363636363635 0.903125 0.05965909090909091 0.13125
1 0.06747159090909091 0.90625 0.061079545454545456 0.13125
