0 0.8615056818181818 0.4609375 0.061079545454545456 0.134375
0 0.9133522727272727 0.4 0.056818181818181816 0.1375
0 0.9119318181818182 0.5296875 0.05965909090909091 0.134375
0 0.9580965909090909 0.3359375 0.061079545454545456 0.134375
0 0.9872159090909091 0.275 0.022727272727272728 0.125
0 0.9879261363636364 0.4 0.02130681818181818 0.125
0 0.9609375 0.4703125 0.05823863636363636 0.128125
0 0.9900568181818182 0.528125 0.017045454545454544 0.125
0 0.9580965909090909 0.5953125 0.061079545454545456 0.128125
0 0.9879261363636364 0.653125 0.02130681818181818 0.125
3 0.3039772727272727 0.121875 0.045454545454545456 0.0875
3 0.3224431818181818 0.8890625 0.045454545454545456 0.096875
2 0.4318181818181818 0.1265625 0.05965909090909091 0.128125
2 0.7663352272727273 0.125 0.06392045454545454 0.13125
2 0.6946022727272727 0.853125 0.0625 0.1375
0 0.17400568181818182 0.5203125 0.061079545454545456 0.128125
0 0.125 0.4640625 0.05965909090909091 0.128125
0 0.1278409090909091 0.5875 0.05965909090909091 0.13125
0 0.07599431818181818 0.4015625 0.061079545454545456 0.134375
0 0.02911931818181818 0.340625 0.05823863636363636 0.13125
0 0.07599431818181818 0.528125 0.05823863636363636 0.13125
0 0.02911931818181818 0.4671875 0.05823863636363636 0.121875
0 0.02911931818181818 0.5921875 0.05823863636363636 0.128125
0 0.078125 0.65625 0.05965909090909091 0.13125
0 0.030539772727272728 0.7203125 0.05823863636363636 0.128125
